(kicad_pcb (version 20171130) (host pcbnew 5.1.4-e60b266~84~ubuntu18.04.1)

  (general
    (thickness 1.6)
    (drawings 96)
    (tracks 96)
    (zones 0)
    (modules 24)
    (nets 4)
  )

  (page A4)
  (title_block
    (title Support_interrupteur)
    (date 2019-09-11)
    (rev 1.0)
    (company "INSA Toulouse")
  )

  (layers
    (0 F.Cu signal)
    (31 B.Cu signal)
    (32 B.Adhes user)
    (33 F.Adhes user)
    (34 B.Paste user)
    (35 F.Paste user)
    (36 B.SilkS user)
    (37 F.SilkS user)
    (38 B.Mask user)
    (39 F.Mask user)
    (40 Dwgs.User user)
    (41 Cmts.User user)
    (42 Eco1.User user)
    (43 Eco2.User user)
    (44 Edge.Cuts user)
    (45 Margin user)
    (46 B.CrtYd user)
    (47 F.CrtYd user)
    (48 B.Fab user)
    (49 F.Fab user)
  )

  (setup
    (last_trace_width 0.25)
    (user_trace_width 0.4)
    (user_trace_width 0.8)
    (trace_clearance 0.2)
    (zone_clearance 0.8)
    (zone_45_only no)
    (trace_min 0.2)
    (via_size 0.8)
    (via_drill 0.4)
    (via_min_size 0.4)
    (via_min_drill 0.3)
    (uvia_size 0.3)
    (uvia_drill 0.1)
    (uvias_allowed no)
    (uvia_min_size 0.2)
    (uvia_min_drill 0.1)
    (edge_width 0.05)
    (segment_width 0.2)
    (pcb_text_width 0.3)
    (pcb_text_size 1.5 1.5)
    (mod_edge_width 0.12)
    (mod_text_size 1 1)
    (mod_text_width 0.15)
    (pad_size 3 3)
    (pad_drill 1.6)
    (pad_to_mask_clearance 0.051)
    (solder_mask_min_width 0.25)
    (aux_axis_origin 0 0)
    (visible_elements FFFFFF7F)
    (pcbplotparams
      (layerselection 0x010fc_ffffffff)
      (usegerberextensions false)
      (usegerberattributes false)
      (usegerberadvancedattributes false)
      (creategerberjobfile false)
      (excludeedgelayer true)
      (linewidth 0.100000)
      (plotframeref false)
      (viasonmask false)
      (mode 1)
      (useauxorigin false)
      (hpglpennumber 1)
      (hpglpenspeed 20)
      (hpglpendiameter 15.000000)
      (psnegative false)
      (psa4output false)
      (plotreference true)
      (plotvalue true)
      (plotinvisibletext false)
      (padsonsilk false)
      (subtractmaskfromsilk false)
      (outputformat 1)
      (mirror false)
      (drillshape 1)
      (scaleselection 1)
      (outputdirectory ""))
  )

  (net 0 "")
  (net 1 "Net-(J1-Pad3)")
  (net 2 "Net-(J1-Pad1)")
  (net 3 GND)

  (net_class Default "This is the default net class."
    (clearance 0.2)
    (trace_width 0.25)
    (via_dia 0.8)
    (via_drill 0.4)
    (uvia_dia 0.3)
    (uvia_drill 0.1)
    (add_net GND)
    (add_net "Net-(J1-Pad1)")
    (add_net "Net-(J1-Pad3)")
  )

  (module Connector_Wire:SolderWirePad_1x03_P5.715mm_Drill2mm (layer B.Cu) (tedit 5D832D38) (tstamp 5D8331F2)
    (at 114.3 140.71)
    (descr "Wire solder connection")
    (tags connector)
    (path /5D7B04ED)
    (attr virtual)
    (fp_text reference J1 (at 15.24 0 90) (layer B.SilkS)
      (effects (font (size 1 1) (thickness 0.15)) (justify mirror))
    )
    (fp_text value Conn_01x03 (at 15.875 2.54 90) (layer B.Fab) hide
      (effects (font (size 1 1) (thickness 0.15)) (justify mirror))
    )
    (fp_text user %R (at 5.715 0) (layer B.Fab) hide
      (effects (font (size 1 1) (thickness 0.15)) (justify mirror))
    )
    (fp_line (start -2.75 2.75) (end 14.17 2.75) (layer B.CrtYd) (width 0.05))
    (fp_line (start -2.75 2.75) (end -2.75 -2.75) (layer B.CrtYd) (width 0.05))
    (fp_line (start 14.17 -2.75) (end 14.17 2.75) (layer B.CrtYd) (width 0.05))
    (fp_line (start 14.17 -2.75) (end -2.75 -2.75) (layer B.CrtYd) (width 0.05))
    (pad 1 smd roundrect (at 0 0) (size 2.5 3.5) (layers B.Cu B.Paste B.Mask) (roundrect_rratio 0.25))
    (pad 2 smd roundrect (at 5.715 0) (size 2.5 3.5) (layers B.Cu B.Paste B.Mask) (roundrect_rratio 0.25))
    (pad 3 smd roundrect (at 11.43 0) (size 2.5 3.5) (layers B.Cu B.Paste B.Mask) (roundrect_rratio 0.25))
  )

  (module A101SYCQ04:TE_A101SYCQ04 (layer F.Cu) (tedit 5D832E4F) (tstamp 5D8331CD)
    (at 162 145)
    (path /5D7AE2F4)
    (fp_text reference SW1 (at 8.27 1.33 -270) (layer F.SilkS)
      (effects (font (size 1.00001 1.00001) (thickness 0.15)))
    )
    (fp_text value SW_SPDT (at -3.12902 4.83747) (layer F.SilkS) hide
      (effects (font (size 1.00014 1.00014) (thickness 0.05)))
    )
    (fp_circle (center -7.112 -0.001) (end -6.912 -0.001) (layer F.SilkS) (width 0.3))
    (fp_line (start -6.6 3.679) (end -6.6 -3.679) (layer Eco1.User) (width 0.05))
    (fp_line (start 6.6 3.679) (end -6.6 3.679) (layer Eco1.User) (width 0.05))
    (fp_line (start 6.6 -3.679) (end 6.6 3.679) (layer Eco1.User) (width 0.05))
    (fp_line (start -6.6 -3.679) (end 6.6 -3.679) (layer Eco1.User) (width 0.05))
    (fp_line (start -6.35 -3.429) (end -6.35 3.429) (layer Eco2.User) (width 0.127))
    (fp_line (start 6.35 -3.429) (end -6.35 -3.429) (layer F.SilkS) (width 0.127))
    (fp_line (start 6.35 3.429) (end 6.35 -3.429) (layer Eco2.User) (width 0.127))
    (fp_line (start -6.35 3.429) (end 6.35 3.429) (layer F.SilkS) (width 0.127))
    (pad 3 thru_hole circle (at 4.699 0 90) (size 3 3) (drill 1.6) (layers *.Cu *.Mask))
    (pad 2 thru_hole circle (at 0 0 90) (size 3 3) (drill 1.6) (layers *.Cu *.Mask))
    (pad 1 thru_hole rect (at -4.699 0 90) (size 3 3) (drill 1.6) (layers *.Cu *.Mask))
  )

  (module Connector_Wire:SolderWirePad_1x03_P5.715mm_Drill2mm (layer B.Cu) (tedit 5D832D38) (tstamp 5D8331B5)
    (at 156.3 140.71)
    (descr "Wire solder connection")
    (tags connector)
    (path /5D7B04ED)
    (attr virtual)
    (fp_text reference J1 (at 15.24 0 90) (layer B.SilkS)
      (effects (font (size 1 1) (thickness 0.15)) (justify mirror))
    )
    (fp_text value Conn_01x03 (at 15.875 2.54 90) (layer B.Fab) hide
      (effects (font (size 1 1) (thickness 0.15)) (justify mirror))
    )
    (fp_line (start 14.17 -2.75) (end -2.75 -2.75) (layer B.CrtYd) (width 0.05))
    (fp_line (start 14.17 -2.75) (end 14.17 2.75) (layer B.CrtYd) (width 0.05))
    (fp_line (start -2.75 2.75) (end -2.75 -2.75) (layer B.CrtYd) (width 0.05))
    (fp_line (start -2.75 2.75) (end 14.17 2.75) (layer B.CrtYd) (width 0.05))
    (fp_text user %R (at 5.715 0) (layer B.Fab) hide
      (effects (font (size 1 1) (thickness 0.15)) (justify mirror))
    )
    (pad 3 smd roundrect (at 11.43 0) (size 2.5 3.5) (layers B.Cu B.Paste B.Mask) (roundrect_rratio 0.25))
    (pad 2 smd roundrect (at 5.715 0) (size 2.5 3.5) (layers B.Cu B.Paste B.Mask) (roundrect_rratio 0.25))
    (pad 1 smd roundrect (at 0 0) (size 2.5 3.5) (layers B.Cu B.Paste B.Mask) (roundrect_rratio 0.25))
  )

  (module Connector_Wire:SolderWirePad_1x03_P5.715mm_Drill2mm (layer B.Cu) (tedit 5D832D38) (tstamp 5D8331A8)
    (at 198.3 140.71)
    (descr "Wire solder connection")
    (tags connector)
    (path /5D7B04ED)
    (attr virtual)
    (fp_text reference J1 (at 15.24 0 90) (layer B.SilkS)
      (effects (font (size 1 1) (thickness 0.15)) (justify mirror))
    )
    (fp_text value Conn_01x03 (at 15.875 2.54 90) (layer B.Fab) hide
      (effects (font (size 1 1) (thickness 0.15)) (justify mirror))
    )
    (fp_line (start 14.17 -2.75) (end -2.75 -2.75) (layer B.CrtYd) (width 0.05))
    (fp_line (start 14.17 -2.75) (end 14.17 2.75) (layer B.CrtYd) (width 0.05))
    (fp_line (start -2.75 2.75) (end -2.75 -2.75) (layer B.CrtYd) (width 0.05))
    (fp_line (start -2.75 2.75) (end 14.17 2.75) (layer B.CrtYd) (width 0.05))
    (fp_text user %R (at 5.715 0) (layer B.Fab) hide
      (effects (font (size 1 1) (thickness 0.15)) (justify mirror))
    )
    (pad 3 smd roundrect (at 11.43 0) (size 2.5 3.5) (layers B.Cu B.Paste B.Mask) (roundrect_rratio 0.25))
    (pad 2 smd roundrect (at 5.715 0) (size 2.5 3.5) (layers B.Cu B.Paste B.Mask) (roundrect_rratio 0.25))
    (pad 1 smd roundrect (at 0 0) (size 2.5 3.5) (layers B.Cu B.Paste B.Mask) (roundrect_rratio 0.25))
  )

  (module A101SYCQ04:TE_A101SYCQ04 (layer F.Cu) (tedit 5D832E4F) (tstamp 5D833199)
    (at 204 145)
    (path /5D7AE2F4)
    (fp_text reference SW1 (at 8.27 1.33 -270) (layer F.SilkS)
      (effects (font (size 1.00001 1.00001) (thickness 0.15)))
    )
    (fp_text value SW_SPDT (at -3.12902 4.83747) (layer F.SilkS) hide
      (effects (font (size 1.00014 1.00014) (thickness 0.05)))
    )
    (fp_circle (center -7.112 -0.001) (end -6.912 -0.001) (layer F.SilkS) (width 0.3))
    (fp_line (start -6.6 3.679) (end -6.6 -3.679) (layer Eco1.User) (width 0.05))
    (fp_line (start 6.6 3.679) (end -6.6 3.679) (layer Eco1.User) (width 0.05))
    (fp_line (start 6.6 -3.679) (end 6.6 3.679) (layer Eco1.User) (width 0.05))
    (fp_line (start -6.6 -3.679) (end 6.6 -3.679) (layer Eco1.User) (width 0.05))
    (fp_line (start -6.35 -3.429) (end -6.35 3.429) (layer Eco2.User) (width 0.127))
    (fp_line (start 6.35 -3.429) (end -6.35 -3.429) (layer F.SilkS) (width 0.127))
    (fp_line (start 6.35 3.429) (end 6.35 -3.429) (layer Eco2.User) (width 0.127))
    (fp_line (start -6.35 3.429) (end 6.35 3.429) (layer F.SilkS) (width 0.127))
    (pad 3 thru_hole circle (at 4.699 0 90) (size 3 3) (drill 1.6) (layers *.Cu *.Mask))
    (pad 2 thru_hole circle (at 0 0 90) (size 3 3) (drill 1.6) (layers *.Cu *.Mask))
    (pad 1 thru_hole rect (at -4.699 0 90) (size 3 3) (drill 1.6) (layers *.Cu *.Mask))
  )

  (module A101SYCQ04:TE_A101SYCQ04 (layer F.Cu) (tedit 5D832E4F) (tstamp 5D833185)
    (at 120 145)
    (path /5D7AE2F4)
    (fp_text reference SW1 (at 8.27 1.33 -270) (layer F.SilkS)
      (effects (font (size 1.00001 1.00001) (thickness 0.15)))
    )
    (fp_text value SW_SPDT (at -3.12902 4.83747) (layer F.SilkS) hide
      (effects (font (size 1.00014 1.00014) (thickness 0.05)))
    )
    (fp_line (start -6.35 3.429) (end 6.35 3.429) (layer F.SilkS) (width 0.127))
    (fp_line (start 6.35 3.429) (end 6.35 -3.429) (layer Eco2.User) (width 0.127))
    (fp_line (start 6.35 -3.429) (end -6.35 -3.429) (layer F.SilkS) (width 0.127))
    (fp_line (start -6.35 -3.429) (end -6.35 3.429) (layer Eco2.User) (width 0.127))
    (fp_line (start -6.6 -3.679) (end 6.6 -3.679) (layer Eco1.User) (width 0.05))
    (fp_line (start 6.6 -3.679) (end 6.6 3.679) (layer Eco1.User) (width 0.05))
    (fp_line (start 6.6 3.679) (end -6.6 3.679) (layer Eco1.User) (width 0.05))
    (fp_line (start -6.6 3.679) (end -6.6 -3.679) (layer Eco1.User) (width 0.05))
    (fp_circle (center -7.112 -0.001) (end -6.912 -0.001) (layer F.SilkS) (width 0.3))
    (pad 1 thru_hole rect (at -4.699 0 90) (size 3 3) (drill 1.6) (layers *.Cu *.Mask))
    (pad 2 thru_hole circle (at 0 0 90) (size 3 3) (drill 1.6) (layers *.Cu *.Mask))
    (pad 3 thru_hole circle (at 4.699 0 90) (size 3 3) (drill 1.6) (layers *.Cu *.Mask))
  )

  (module Connector_Wire:SolderWirePad_1x03_P5.715mm_Drill2mm (layer B.Cu) (tedit 5D832D38) (tstamp 5D8331F2)
    (at 114.3 124.71)
    (descr "Wire solder connection")
    (tags connector)
    (path /5D7B04ED)
    (attr virtual)
    (fp_text reference J1 (at 15.24 0 90) (layer B.SilkS)
      (effects (font (size 1 1) (thickness 0.15)) (justify mirror))
    )
    (fp_text value Conn_01x03 (at 15.875 2.54 90) (layer B.Fab) hide
      (effects (font (size 1 1) (thickness 0.15)) (justify mirror))
    )
    (fp_text user %R (at 5.715 0) (layer B.Fab) hide
      (effects (font (size 1 1) (thickness 0.15)) (justify mirror))
    )
    (fp_line (start -2.75 2.75) (end 14.17 2.75) (layer B.CrtYd) (width 0.05))
    (fp_line (start -2.75 2.75) (end -2.75 -2.75) (layer B.CrtYd) (width 0.05))
    (fp_line (start 14.17 -2.75) (end 14.17 2.75) (layer B.CrtYd) (width 0.05))
    (fp_line (start 14.17 -2.75) (end -2.75 -2.75) (layer B.CrtYd) (width 0.05))
    (pad 1 smd roundrect (at 0 0) (size 2.5 3.5) (layers B.Cu B.Paste B.Mask) (roundrect_rratio 0.25))
    (pad 2 smd roundrect (at 5.715 0) (size 2.5 3.5) (layers B.Cu B.Paste B.Mask) (roundrect_rratio 0.25))
    (pad 3 smd roundrect (at 11.43 0) (size 2.5 3.5) (layers B.Cu B.Paste B.Mask) (roundrect_rratio 0.25))
  )

  (module A101SYCQ04:TE_A101SYCQ04 (layer F.Cu) (tedit 5D832E4F) (tstamp 5D8331CD)
    (at 162 129)
    (path /5D7AE2F4)
    (fp_text reference SW1 (at 8.27 1.33 -270) (layer F.SilkS)
      (effects (font (size 1.00001 1.00001) (thickness 0.15)))
    )
    (fp_text value SW_SPDT (at -3.12902 4.83747) (layer F.SilkS) hide
      (effects (font (size 1.00014 1.00014) (thickness 0.05)))
    )
    (fp_circle (center -7.112 -0.001) (end -6.912 -0.001) (layer F.SilkS) (width 0.3))
    (fp_line (start -6.6 3.679) (end -6.6 -3.679) (layer Eco1.User) (width 0.05))
    (fp_line (start 6.6 3.679) (end -6.6 3.679) (layer Eco1.User) (width 0.05))
    (fp_line (start 6.6 -3.679) (end 6.6 3.679) (layer Eco1.User) (width 0.05))
    (fp_line (start -6.6 -3.679) (end 6.6 -3.679) (layer Eco1.User) (width 0.05))
    (fp_line (start -6.35 -3.429) (end -6.35 3.429) (layer Eco2.User) (width 0.127))
    (fp_line (start 6.35 -3.429) (end -6.35 -3.429) (layer F.SilkS) (width 0.127))
    (fp_line (start 6.35 3.429) (end 6.35 -3.429) (layer Eco2.User) (width 0.127))
    (fp_line (start -6.35 3.429) (end 6.35 3.429) (layer F.SilkS) (width 0.127))
    (pad 3 thru_hole circle (at 4.699 0 90) (size 3 3) (drill 1.6) (layers *.Cu *.Mask))
    (pad 2 thru_hole circle (at 0 0 90) (size 3 3) (drill 1.6) (layers *.Cu *.Mask))
    (pad 1 thru_hole rect (at -4.699 0 90) (size 3 3) (drill 1.6) (layers *.Cu *.Mask))
  )

  (module Connector_Wire:SolderWirePad_1x03_P5.715mm_Drill2mm (layer B.Cu) (tedit 5D832D38) (tstamp 5D8331B5)
    (at 156.3 124.71)
    (descr "Wire solder connection")
    (tags connector)
    (path /5D7B04ED)
    (attr virtual)
    (fp_text reference J1 (at 15.24 0 90) (layer B.SilkS)
      (effects (font (size 1 1) (thickness 0.15)) (justify mirror))
    )
    (fp_text value Conn_01x03 (at 15.875 2.54 90) (layer B.Fab) hide
      (effects (font (size 1 1) (thickness 0.15)) (justify mirror))
    )
    (fp_line (start 14.17 -2.75) (end -2.75 -2.75) (layer B.CrtYd) (width 0.05))
    (fp_line (start 14.17 -2.75) (end 14.17 2.75) (layer B.CrtYd) (width 0.05))
    (fp_line (start -2.75 2.75) (end -2.75 -2.75) (layer B.CrtYd) (width 0.05))
    (fp_line (start -2.75 2.75) (end 14.17 2.75) (layer B.CrtYd) (width 0.05))
    (fp_text user %R (at 5.715 0) (layer B.Fab) hide
      (effects (font (size 1 1) (thickness 0.15)) (justify mirror))
    )
    (pad 3 smd roundrect (at 11.43 0) (size 2.5 3.5) (layers B.Cu B.Paste B.Mask) (roundrect_rratio 0.25))
    (pad 2 smd roundrect (at 5.715 0) (size 2.5 3.5) (layers B.Cu B.Paste B.Mask) (roundrect_rratio 0.25))
    (pad 1 smd roundrect (at 0 0) (size 2.5 3.5) (layers B.Cu B.Paste B.Mask) (roundrect_rratio 0.25))
  )

  (module Connector_Wire:SolderWirePad_1x03_P5.715mm_Drill2mm (layer B.Cu) (tedit 5D832D38) (tstamp 5D8331A8)
    (at 198.3 124.71)
    (descr "Wire solder connection")
    (tags connector)
    (path /5D7B04ED)
    (attr virtual)
    (fp_text reference J1 (at 15.24 0 90) (layer B.SilkS)
      (effects (font (size 1 1) (thickness 0.15)) (justify mirror))
    )
    (fp_text value Conn_01x03 (at 15.875 2.54 90) (layer B.Fab) hide
      (effects (font (size 1 1) (thickness 0.15)) (justify mirror))
    )
    (fp_line (start 14.17 -2.75) (end -2.75 -2.75) (layer B.CrtYd) (width 0.05))
    (fp_line (start 14.17 -2.75) (end 14.17 2.75) (layer B.CrtYd) (width 0.05))
    (fp_line (start -2.75 2.75) (end -2.75 -2.75) (layer B.CrtYd) (width 0.05))
    (fp_line (start -2.75 2.75) (end 14.17 2.75) (layer B.CrtYd) (width 0.05))
    (fp_text user %R (at 5.715 0) (layer B.Fab) hide
      (effects (font (size 1 1) (thickness 0.15)) (justify mirror))
    )
    (pad 3 smd roundrect (at 11.43 0) (size 2.5 3.5) (layers B.Cu B.Paste B.Mask) (roundrect_rratio 0.25))
    (pad 2 smd roundrect (at 5.715 0) (size 2.5 3.5) (layers B.Cu B.Paste B.Mask) (roundrect_rratio 0.25))
    (pad 1 smd roundrect (at 0 0) (size 2.5 3.5) (layers B.Cu B.Paste B.Mask) (roundrect_rratio 0.25))
  )

  (module A101SYCQ04:TE_A101SYCQ04 (layer F.Cu) (tedit 5D832E4F) (tstamp 5D833199)
    (at 204 129)
    (path /5D7AE2F4)
    (fp_text reference SW1 (at 8.27 1.33 -270) (layer F.SilkS)
      (effects (font (size 1.00001 1.00001) (thickness 0.15)))
    )
    (fp_text value SW_SPDT (at -3.12902 4.83747) (layer F.SilkS) hide
      (effects (font (size 1.00014 1.00014) (thickness 0.05)))
    )
    (fp_circle (center -7.112 -0.001) (end -6.912 -0.001) (layer F.SilkS) (width 0.3))
    (fp_line (start -6.6 3.679) (end -6.6 -3.679) (layer Eco1.User) (width 0.05))
    (fp_line (start 6.6 3.679) (end -6.6 3.679) (layer Eco1.User) (width 0.05))
    (fp_line (start 6.6 -3.679) (end 6.6 3.679) (layer Eco1.User) (width 0.05))
    (fp_line (start -6.6 -3.679) (end 6.6 -3.679) (layer Eco1.User) (width 0.05))
    (fp_line (start -6.35 -3.429) (end -6.35 3.429) (layer Eco2.User) (width 0.127))
    (fp_line (start 6.35 -3.429) (end -6.35 -3.429) (layer F.SilkS) (width 0.127))
    (fp_line (start 6.35 3.429) (end 6.35 -3.429) (layer Eco2.User) (width 0.127))
    (fp_line (start -6.35 3.429) (end 6.35 3.429) (layer F.SilkS) (width 0.127))
    (pad 3 thru_hole circle (at 4.699 0 90) (size 3 3) (drill 1.6) (layers *.Cu *.Mask))
    (pad 2 thru_hole circle (at 0 0 90) (size 3 3) (drill 1.6) (layers *.Cu *.Mask))
    (pad 1 thru_hole rect (at -4.699 0 90) (size 3 3) (drill 1.6) (layers *.Cu *.Mask))
  )

  (module A101SYCQ04:TE_A101SYCQ04 (layer F.Cu) (tedit 5D832E4F) (tstamp 5D833185)
    (at 120 129)
    (path /5D7AE2F4)
    (fp_text reference SW1 (at 8.27 1.33 -270) (layer F.SilkS)
      (effects (font (size 1.00001 1.00001) (thickness 0.15)))
    )
    (fp_text value SW_SPDT (at -3.12902 4.83747) (layer F.SilkS) hide
      (effects (font (size 1.00014 1.00014) (thickness 0.05)))
    )
    (fp_line (start -6.35 3.429) (end 6.35 3.429) (layer F.SilkS) (width 0.127))
    (fp_line (start 6.35 3.429) (end 6.35 -3.429) (layer Eco2.User) (width 0.127))
    (fp_line (start 6.35 -3.429) (end -6.35 -3.429) (layer F.SilkS) (width 0.127))
    (fp_line (start -6.35 -3.429) (end -6.35 3.429) (layer Eco2.User) (width 0.127))
    (fp_line (start -6.6 -3.679) (end 6.6 -3.679) (layer Eco1.User) (width 0.05))
    (fp_line (start 6.6 -3.679) (end 6.6 3.679) (layer Eco1.User) (width 0.05))
    (fp_line (start 6.6 3.679) (end -6.6 3.679) (layer Eco1.User) (width 0.05))
    (fp_line (start -6.6 3.679) (end -6.6 -3.679) (layer Eco1.User) (width 0.05))
    (fp_circle (center -7.112 -0.001) (end -6.912 -0.001) (layer F.SilkS) (width 0.3))
    (pad 1 thru_hole rect (at -4.699 0 90) (size 3 3) (drill 1.6) (layers *.Cu *.Mask))
    (pad 2 thru_hole circle (at 0 0 90) (size 3 3) (drill 1.6) (layers *.Cu *.Mask))
    (pad 3 thru_hole circle (at 4.699 0 90) (size 3 3) (drill 1.6) (layers *.Cu *.Mask))
  )

  (module Connector_Wire:SolderWirePad_1x03_P5.715mm_Drill2mm (layer B.Cu) (tedit 5D832D38) (tstamp 5D8331F2)
    (at 114.3 108.71)
    (descr "Wire solder connection")
    (tags connector)
    (path /5D7B04ED)
    (attr virtual)
    (fp_text reference J1 (at 15.24 0 90) (layer B.SilkS)
      (effects (font (size 1 1) (thickness 0.15)) (justify mirror))
    )
    (fp_text value Conn_01x03 (at 15.875 2.54 90) (layer B.Fab) hide
      (effects (font (size 1 1) (thickness 0.15)) (justify mirror))
    )
    (fp_text user %R (at 5.715 0) (layer B.Fab) hide
      (effects (font (size 1 1) (thickness 0.15)) (justify mirror))
    )
    (fp_line (start -2.75 2.75) (end 14.17 2.75) (layer B.CrtYd) (width 0.05))
    (fp_line (start -2.75 2.75) (end -2.75 -2.75) (layer B.CrtYd) (width 0.05))
    (fp_line (start 14.17 -2.75) (end 14.17 2.75) (layer B.CrtYd) (width 0.05))
    (fp_line (start 14.17 -2.75) (end -2.75 -2.75) (layer B.CrtYd) (width 0.05))
    (pad 1 smd roundrect (at 0 0) (size 2.5 3.5) (layers B.Cu B.Paste B.Mask) (roundrect_rratio 0.25))
    (pad 2 smd roundrect (at 5.715 0) (size 2.5 3.5) (layers B.Cu B.Paste B.Mask) (roundrect_rratio 0.25))
    (pad 3 smd roundrect (at 11.43 0) (size 2.5 3.5) (layers B.Cu B.Paste B.Mask) (roundrect_rratio 0.25))
  )

  (module A101SYCQ04:TE_A101SYCQ04 (layer F.Cu) (tedit 5D832E4F) (tstamp 5D8331CD)
    (at 162 113)
    (path /5D7AE2F4)
    (fp_text reference SW1 (at 8.27 1.33 -270) (layer F.SilkS)
      (effects (font (size 1.00001 1.00001) (thickness 0.15)))
    )
    (fp_text value SW_SPDT (at -3.12902 4.83747) (layer F.SilkS) hide
      (effects (font (size 1.00014 1.00014) (thickness 0.05)))
    )
    (fp_circle (center -7.112 -0.001) (end -6.912 -0.001) (layer F.SilkS) (width 0.3))
    (fp_line (start -6.6 3.679) (end -6.6 -3.679) (layer Eco1.User) (width 0.05))
    (fp_line (start 6.6 3.679) (end -6.6 3.679) (layer Eco1.User) (width 0.05))
    (fp_line (start 6.6 -3.679) (end 6.6 3.679) (layer Eco1.User) (width 0.05))
    (fp_line (start -6.6 -3.679) (end 6.6 -3.679) (layer Eco1.User) (width 0.05))
    (fp_line (start -6.35 -3.429) (end -6.35 3.429) (layer Eco2.User) (width 0.127))
    (fp_line (start 6.35 -3.429) (end -6.35 -3.429) (layer F.SilkS) (width 0.127))
    (fp_line (start 6.35 3.429) (end 6.35 -3.429) (layer Eco2.User) (width 0.127))
    (fp_line (start -6.35 3.429) (end 6.35 3.429) (layer F.SilkS) (width 0.127))
    (pad 3 thru_hole circle (at 4.699 0 90) (size 3 3) (drill 1.6) (layers *.Cu *.Mask))
    (pad 2 thru_hole circle (at 0 0 90) (size 3 3) (drill 1.6) (layers *.Cu *.Mask))
    (pad 1 thru_hole rect (at -4.699 0 90) (size 3 3) (drill 1.6) (layers *.Cu *.Mask))
  )

  (module Connector_Wire:SolderWirePad_1x03_P5.715mm_Drill2mm (layer B.Cu) (tedit 5D832D38) (tstamp 5D8331B5)
    (at 156.3 108.71)
    (descr "Wire solder connection")
    (tags connector)
    (path /5D7B04ED)
    (attr virtual)
    (fp_text reference J1 (at 15.24 0 90) (layer B.SilkS)
      (effects (font (size 1 1) (thickness 0.15)) (justify mirror))
    )
    (fp_text value Conn_01x03 (at 15.875 2.54 90) (layer B.Fab) hide
      (effects (font (size 1 1) (thickness 0.15)) (justify mirror))
    )
    (fp_line (start 14.17 -2.75) (end -2.75 -2.75) (layer B.CrtYd) (width 0.05))
    (fp_line (start 14.17 -2.75) (end 14.17 2.75) (layer B.CrtYd) (width 0.05))
    (fp_line (start -2.75 2.75) (end -2.75 -2.75) (layer B.CrtYd) (width 0.05))
    (fp_line (start -2.75 2.75) (end 14.17 2.75) (layer B.CrtYd) (width 0.05))
    (fp_text user %R (at 5.715 0) (layer B.Fab) hide
      (effects (font (size 1 1) (thickness 0.15)) (justify mirror))
    )
    (pad 3 smd roundrect (at 11.43 0) (size 2.5 3.5) (layers B.Cu B.Paste B.Mask) (roundrect_rratio 0.25))
    (pad 2 smd roundrect (at 5.715 0) (size 2.5 3.5) (layers B.Cu B.Paste B.Mask) (roundrect_rratio 0.25))
    (pad 1 smd roundrect (at 0 0) (size 2.5 3.5) (layers B.Cu B.Paste B.Mask) (roundrect_rratio 0.25))
  )

  (module Connector_Wire:SolderWirePad_1x03_P5.715mm_Drill2mm (layer B.Cu) (tedit 5D832D38) (tstamp 5D8331A8)
    (at 198.3 108.71)
    (descr "Wire solder connection")
    (tags connector)
    (path /5D7B04ED)
    (attr virtual)
    (fp_text reference J1 (at 15.24 0 90) (layer B.SilkS)
      (effects (font (size 1 1) (thickness 0.15)) (justify mirror))
    )
    (fp_text value Conn_01x03 (at 15.875 2.54 90) (layer B.Fab) hide
      (effects (font (size 1 1) (thickness 0.15)) (justify mirror))
    )
    (fp_line (start 14.17 -2.75) (end -2.75 -2.75) (layer B.CrtYd) (width 0.05))
    (fp_line (start 14.17 -2.75) (end 14.17 2.75) (layer B.CrtYd) (width 0.05))
    (fp_line (start -2.75 2.75) (end -2.75 -2.75) (layer B.CrtYd) (width 0.05))
    (fp_line (start -2.75 2.75) (end 14.17 2.75) (layer B.CrtYd) (width 0.05))
    (fp_text user %R (at 5.715 0) (layer B.Fab) hide
      (effects (font (size 1 1) (thickness 0.15)) (justify mirror))
    )
    (pad 3 smd roundrect (at 11.43 0) (size 2.5 3.5) (layers B.Cu B.Paste B.Mask) (roundrect_rratio 0.25))
    (pad 2 smd roundrect (at 5.715 0) (size 2.5 3.5) (layers B.Cu B.Paste B.Mask) (roundrect_rratio 0.25))
    (pad 1 smd roundrect (at 0 0) (size 2.5 3.5) (layers B.Cu B.Paste B.Mask) (roundrect_rratio 0.25))
  )

  (module A101SYCQ04:TE_A101SYCQ04 (layer F.Cu) (tedit 5D832E4F) (tstamp 5D833199)
    (at 204 113)
    (path /5D7AE2F4)
    (fp_text reference SW1 (at 8.27 1.33 -270) (layer F.SilkS)
      (effects (font (size 1.00001 1.00001) (thickness 0.15)))
    )
    (fp_text value SW_SPDT (at -3.12902 4.83747) (layer F.SilkS) hide
      (effects (font (size 1.00014 1.00014) (thickness 0.05)))
    )
    (fp_circle (center -7.112 -0.001) (end -6.912 -0.001) (layer F.SilkS) (width 0.3))
    (fp_line (start -6.6 3.679) (end -6.6 -3.679) (layer Eco1.User) (width 0.05))
    (fp_line (start 6.6 3.679) (end -6.6 3.679) (layer Eco1.User) (width 0.05))
    (fp_line (start 6.6 -3.679) (end 6.6 3.679) (layer Eco1.User) (width 0.05))
    (fp_line (start -6.6 -3.679) (end 6.6 -3.679) (layer Eco1.User) (width 0.05))
    (fp_line (start -6.35 -3.429) (end -6.35 3.429) (layer Eco2.User) (width 0.127))
    (fp_line (start 6.35 -3.429) (end -6.35 -3.429) (layer F.SilkS) (width 0.127))
    (fp_line (start 6.35 3.429) (end 6.35 -3.429) (layer Eco2.User) (width 0.127))
    (fp_line (start -6.35 3.429) (end 6.35 3.429) (layer F.SilkS) (width 0.127))
    (pad 3 thru_hole circle (at 4.699 0 90) (size 3 3) (drill 1.6) (layers *.Cu *.Mask))
    (pad 2 thru_hole circle (at 0 0 90) (size 3 3) (drill 1.6) (layers *.Cu *.Mask))
    (pad 1 thru_hole rect (at -4.699 0 90) (size 3 3) (drill 1.6) (layers *.Cu *.Mask))
  )

  (module A101SYCQ04:TE_A101SYCQ04 (layer F.Cu) (tedit 5D832E4F) (tstamp 5D833185)
    (at 120 113)
    (path /5D7AE2F4)
    (fp_text reference SW1 (at 8.27 1.33 -270) (layer F.SilkS)
      (effects (font (size 1.00001 1.00001) (thickness 0.15)))
    )
    (fp_text value SW_SPDT (at -3.12902 4.83747) (layer F.SilkS) hide
      (effects (font (size 1.00014 1.00014) (thickness 0.05)))
    )
    (fp_line (start -6.35 3.429) (end 6.35 3.429) (layer F.SilkS) (width 0.127))
    (fp_line (start 6.35 3.429) (end 6.35 -3.429) (layer Eco2.User) (width 0.127))
    (fp_line (start 6.35 -3.429) (end -6.35 -3.429) (layer F.SilkS) (width 0.127))
    (fp_line (start -6.35 -3.429) (end -6.35 3.429) (layer Eco2.User) (width 0.127))
    (fp_line (start -6.6 -3.679) (end 6.6 -3.679) (layer Eco1.User) (width 0.05))
    (fp_line (start 6.6 -3.679) (end 6.6 3.679) (layer Eco1.User) (width 0.05))
    (fp_line (start 6.6 3.679) (end -6.6 3.679) (layer Eco1.User) (width 0.05))
    (fp_line (start -6.6 3.679) (end -6.6 -3.679) (layer Eco1.User) (width 0.05))
    (fp_circle (center -7.112 -0.001) (end -6.912 -0.001) (layer F.SilkS) (width 0.3))
    (pad 1 thru_hole rect (at -4.699 0 90) (size 3 3) (drill 1.6) (layers *.Cu *.Mask))
    (pad 2 thru_hole circle (at 0 0 90) (size 3 3) (drill 1.6) (layers *.Cu *.Mask))
    (pad 3 thru_hole circle (at 4.699 0 90) (size 3 3) (drill 1.6) (layers *.Cu *.Mask))
  )

  (module Connector_Wire:SolderWirePad_1x03_P5.715mm_Drill2mm (layer B.Cu) (tedit 5D832D38) (tstamp 5D8330B1)
    (at 198.3 92.71)
    (descr "Wire solder connection")
    (tags connector)
    (path /5D7B04ED)
    (attr virtual)
    (fp_text reference J1 (at 15.24 0 90) (layer B.SilkS)
      (effects (font (size 1 1) (thickness 0.15)) (justify mirror))
    )
    (fp_text value Conn_01x03 (at 15.875 2.54 90) (layer B.Fab) hide
      (effects (font (size 1 1) (thickness 0.15)) (justify mirror))
    )
    (fp_text user %R (at 5.715 0) (layer B.Fab) hide
      (effects (font (size 1 1) (thickness 0.15)) (justify mirror))
    )
    (fp_line (start -2.75 2.75) (end 14.17 2.75) (layer B.CrtYd) (width 0.05))
    (fp_line (start -2.75 2.75) (end -2.75 -2.75) (layer B.CrtYd) (width 0.05))
    (fp_line (start 14.17 -2.75) (end 14.17 2.75) (layer B.CrtYd) (width 0.05))
    (fp_line (start 14.17 -2.75) (end -2.75 -2.75) (layer B.CrtYd) (width 0.05))
    (pad 1 smd roundrect (at 0 0) (size 2.5 3.5) (layers B.Cu B.Paste B.Mask) (roundrect_rratio 0.25))
    (pad 2 smd roundrect (at 5.715 0) (size 2.5 3.5) (layers B.Cu B.Paste B.Mask) (roundrect_rratio 0.25))
    (pad 3 smd roundrect (at 11.43 0) (size 2.5 3.5) (layers B.Cu B.Paste B.Mask) (roundrect_rratio 0.25))
  )

  (module A101SYCQ04:TE_A101SYCQ04 (layer F.Cu) (tedit 5D832E4F) (tstamp 5D833098)
    (at 204 97)
    (path /5D7AE2F4)
    (fp_text reference SW1 (at 8.27 1.33 -270) (layer F.SilkS)
      (effects (font (size 1.00001 1.00001) (thickness 0.15)))
    )
    (fp_text value SW_SPDT (at -3.12902 4.83747) (layer F.SilkS) hide
      (effects (font (size 1.00014 1.00014) (thickness 0.05)))
    )
    (fp_line (start -6.35 3.429) (end 6.35 3.429) (layer F.SilkS) (width 0.127))
    (fp_line (start 6.35 3.429) (end 6.35 -3.429) (layer Eco2.User) (width 0.127))
    (fp_line (start 6.35 -3.429) (end -6.35 -3.429) (layer F.SilkS) (width 0.127))
    (fp_line (start -6.35 -3.429) (end -6.35 3.429) (layer Eco2.User) (width 0.127))
    (fp_line (start -6.6 -3.679) (end 6.6 -3.679) (layer Eco1.User) (width 0.05))
    (fp_line (start 6.6 -3.679) (end 6.6 3.679) (layer Eco1.User) (width 0.05))
    (fp_line (start 6.6 3.679) (end -6.6 3.679) (layer Eco1.User) (width 0.05))
    (fp_line (start -6.6 3.679) (end -6.6 -3.679) (layer Eco1.User) (width 0.05))
    (fp_circle (center -7.112 -0.001) (end -6.912 -0.001) (layer F.SilkS) (width 0.3))
    (pad 1 thru_hole rect (at -4.699 0 90) (size 3 3) (drill 1.6) (layers *.Cu *.Mask))
    (pad 2 thru_hole circle (at 0 0 90) (size 3 3) (drill 1.6) (layers *.Cu *.Mask))
    (pad 3 thru_hole circle (at 4.699 0 90) (size 3 3) (drill 1.6) (layers *.Cu *.Mask))
  )

  (module Connector_Wire:SolderWirePad_1x03_P5.715mm_Drill2mm (layer B.Cu) (tedit 5D832D38) (tstamp 5D8330B1)
    (at 156.3 92.71)
    (descr "Wire solder connection")
    (tags connector)
    (path /5D7B04ED)
    (attr virtual)
    (fp_text reference J1 (at 15.24 0 90) (layer B.SilkS)
      (effects (font (size 1 1) (thickness 0.15)) (justify mirror))
    )
    (fp_text value Conn_01x03 (at 15.875 2.54 90) (layer B.Fab) hide
      (effects (font (size 1 1) (thickness 0.15)) (justify mirror))
    )
    (fp_text user %R (at 5.715 0) (layer B.Fab) hide
      (effects (font (size 1 1) (thickness 0.15)) (justify mirror))
    )
    (fp_line (start -2.75 2.75) (end 14.17 2.75) (layer B.CrtYd) (width 0.05))
    (fp_line (start -2.75 2.75) (end -2.75 -2.75) (layer B.CrtYd) (width 0.05))
    (fp_line (start 14.17 -2.75) (end 14.17 2.75) (layer B.CrtYd) (width 0.05))
    (fp_line (start 14.17 -2.75) (end -2.75 -2.75) (layer B.CrtYd) (width 0.05))
    (pad 1 smd roundrect (at 0 0) (size 2.5 3.5) (layers B.Cu B.Paste B.Mask) (roundrect_rratio 0.25))
    (pad 2 smd roundrect (at 5.715 0) (size 2.5 3.5) (layers B.Cu B.Paste B.Mask) (roundrect_rratio 0.25))
    (pad 3 smd roundrect (at 11.43 0) (size 2.5 3.5) (layers B.Cu B.Paste B.Mask) (roundrect_rratio 0.25))
  )

  (module A101SYCQ04:TE_A101SYCQ04 (layer F.Cu) (tedit 5D832E4F) (tstamp 5D833098)
    (at 162 97)
    (path /5D7AE2F4)
    (fp_text reference SW1 (at 8.27 1.33 -270) (layer F.SilkS)
      (effects (font (size 1.00001 1.00001) (thickness 0.15)))
    )
    (fp_text value SW_SPDT (at -3.12902 4.83747) (layer F.SilkS) hide
      (effects (font (size 1.00014 1.00014) (thickness 0.05)))
    )
    (fp_line (start -6.35 3.429) (end 6.35 3.429) (layer F.SilkS) (width 0.127))
    (fp_line (start 6.35 3.429) (end 6.35 -3.429) (layer Eco2.User) (width 0.127))
    (fp_line (start 6.35 -3.429) (end -6.35 -3.429) (layer F.SilkS) (width 0.127))
    (fp_line (start -6.35 -3.429) (end -6.35 3.429) (layer Eco2.User) (width 0.127))
    (fp_line (start -6.6 -3.679) (end 6.6 -3.679) (layer Eco1.User) (width 0.05))
    (fp_line (start 6.6 -3.679) (end 6.6 3.679) (layer Eco1.User) (width 0.05))
    (fp_line (start 6.6 3.679) (end -6.6 3.679) (layer Eco1.User) (width 0.05))
    (fp_line (start -6.6 3.679) (end -6.6 -3.679) (layer Eco1.User) (width 0.05))
    (fp_circle (center -7.112 -0.001) (end -6.912 -0.001) (layer F.SilkS) (width 0.3))
    (pad 1 thru_hole rect (at -4.699 0 90) (size 3 3) (drill 1.6) (layers *.Cu *.Mask))
    (pad 2 thru_hole circle (at 0 0 90) (size 3 3) (drill 1.6) (layers *.Cu *.Mask))
    (pad 3 thru_hole circle (at 4.699 0 90) (size 3 3) (drill 1.6) (layers *.Cu *.Mask))
  )

  (module Connector_Wire:SolderWirePad_1x03_P5.715mm_Drill2mm (layer B.Cu) (tedit 5D832D38) (tstamp 5D79AC4A)
    (at 114.3 92.71)
    (descr "Wire solder connection")
    (tags connector)
    (path /5D7B04ED)
    (attr virtual)
    (fp_text reference J1 (at 15.24 0 90) (layer B.SilkS)
      (effects (font (size 1 1) (thickness 0.15)) (justify mirror))
    )
    (fp_text value Conn_01x03 (at 15.875 2.54 90) (layer B.Fab) hide
      (effects (font (size 1 1) (thickness 0.15)) (justify mirror))
    )
    (fp_line (start 14.17 -2.75) (end -2.75 -2.75) (layer B.CrtYd) (width 0.05))
    (fp_line (start 14.17 -2.75) (end 14.17 2.75) (layer B.CrtYd) (width 0.05))
    (fp_line (start -2.75 2.75) (end -2.75 -2.75) (layer B.CrtYd) (width 0.05))
    (fp_line (start -2.75 2.75) (end 14.17 2.75) (layer B.CrtYd) (width 0.05))
    (fp_text user %R (at 5.715 0) (layer B.Fab) hide
      (effects (font (size 1 1) (thickness 0.15)) (justify mirror))
    )
    (pad 3 smd roundrect (at 11.43 0) (size 2.5 3.5) (layers B.Cu B.Paste B.Mask) (roundrect_rratio 0.25)
      (net 1 "Net-(J1-Pad3)"))
    (pad 2 smd roundrect (at 5.715 0) (size 2.5 3.5) (layers B.Cu B.Paste B.Mask) (roundrect_rratio 0.25)
      (net 3 GND))
    (pad 1 smd roundrect (at 0 0) (size 2.5 3.5) (layers B.Cu B.Paste B.Mask) (roundrect_rratio 0.25)
      (net 2 "Net-(J1-Pad1)"))
  )

  (module A101SYCQ04:TE_A101SYCQ04 (layer F.Cu) (tedit 5D832E4F) (tstamp 5D79AC5A)
    (at 120 97)
    (path /5D7AE2F4)
    (fp_text reference SW1 (at 8.27 1.33 -270) (layer F.SilkS)
      (effects (font (size 1.00001 1.00001) (thickness 0.15)))
    )
    (fp_text value SW_SPDT (at -3.12902 4.83747) (layer F.SilkS) hide
      (effects (font (size 1.00014 1.00014) (thickness 0.05)))
    )
    (fp_circle (center -7.112 -0.001) (end -6.912 -0.001) (layer F.SilkS) (width 0.3))
    (fp_line (start -6.6 3.679) (end -6.6 -3.679) (layer Eco1.User) (width 0.05))
    (fp_line (start 6.6 3.679) (end -6.6 3.679) (layer Eco1.User) (width 0.05))
    (fp_line (start 6.6 -3.679) (end 6.6 3.679) (layer Eco1.User) (width 0.05))
    (fp_line (start -6.6 -3.679) (end 6.6 -3.679) (layer Eco1.User) (width 0.05))
    (fp_line (start -6.35 -3.429) (end -6.35 3.429) (layer Eco2.User) (width 0.127))
    (fp_line (start 6.35 -3.429) (end -6.35 -3.429) (layer F.SilkS) (width 0.127))
    (fp_line (start 6.35 3.429) (end 6.35 -3.429) (layer Eco2.User) (width 0.127))
    (fp_line (start -6.35 3.429) (end 6.35 3.429) (layer F.SilkS) (width 0.127))
    (pad 3 thru_hole circle (at 4.699 0 90) (size 3 3) (drill 1.6) (layers *.Cu *.Mask)
      (net 1 "Net-(J1-Pad3)"))
    (pad 2 thru_hole circle (at 0 0 90) (size 3 3) (drill 1.6) (layers *.Cu *.Mask)
      (net 3 GND))
    (pad 1 thru_hole rect (at -4.699 0 90) (size 3 3) (drill 1.6) (layers *.Cu *.Mask)
      (net 2 "Net-(J1-Pad1)"))
  )

  (gr_line (start 140 152) (end 140 148) (layer Edge.Cuts) (width 0.15) (tstamp 5D833206))
  (gr_text INSA (at 136.525 140.075) (layer B.Cu) (tstamp 5D833205)
    (effects (font (size 1.5 1.5) (thickness 0.3)) (justify mirror))
  )
  (gr_text 1.0 (at 102.87 140.075) (layer B.Cu) (tstamp 5D833204)
    (effects (font (size 1.5 1.5) (thickness 0.3)) (justify mirror))
  )
  (gr_line (start 142 148) (end 142 138) (layer Edge.Cuts) (width 0.15) (tstamp 5D833203))
  (gr_line (start 182 152) (end 142 152) (layer Edge.Cuts) (width 0.15) (tstamp 5D833202))
  (gr_line (start 100 152) (end 100 148) (layer Edge.Cuts) (width 0.15) (tstamp 5D8331FE))
  (gr_line (start 184 148) (end 184 138) (layer Edge.Cuts) (width 0.15) (tstamp 5D8331FD))
  (gr_line (start 142 138) (end 182 138) (layer Edge.Cuts) (width 0.15) (tstamp 5D8331EA))
  (gr_line (start 224 152) (end 224 148) (layer Edge.Cuts) (width 0.15) (tstamp 5D8331E8))
  (gr_text INSA (at 220.525 140.075) (layer B.Cu) (tstamp 5D8331E7)
    (effects (font (size 1.5 1.5) (thickness 0.3)) (justify mirror))
  )
  (gr_text 1.0 (at 186.87 140.075) (layer B.Cu) (tstamp 5D8331E6)
    (effects (font (size 1.5 1.5) (thickness 0.3)) (justify mirror))
  )
  (gr_line (start 182 152) (end 182 148) (layer Edge.Cuts) (width 0.15) (tstamp 5D8331E4))
  (gr_line (start 224 138) (end 224 148) (layer Edge.Cuts) (width 0.15) (tstamp 5D8331DF))
  (gr_line (start 184 152) (end 184 148) (layer Edge.Cuts) (width 0.15) (tstamp 5D8331CB))
  (gr_line (start 224 152) (end 184 152) (layer Edge.Cuts) (width 0.15) (tstamp 5D8331C8))
  (gr_line (start 184 138) (end 224 138) (layer Edge.Cuts) (width 0.15) (tstamp 5D8331C6))
  (gr_line (start 142 152) (end 142 148) (layer Edge.Cuts) (width 0.15) (tstamp 5D8331C4))
  (gr_line (start 140 152) (end 100 152) (layer Edge.Cuts) (width 0.15) (tstamp 5D8331C0))
  (gr_line (start 100 148) (end 100 138) (layer Edge.Cuts) (width 0.15) (tstamp 5D8331B4))
  (gr_line (start 140 138) (end 140 148) (layer Edge.Cuts) (width 0.15) (tstamp 5D833198))
  (gr_text INSA (at 178.525 140.075) (layer B.Cu) (tstamp 5D833195)
    (effects (font (size 1.5 1.5) (thickness 0.3)) (justify mirror))
  )
  (gr_text 1.0 (at 144.87 140.075) (layer B.Cu) (tstamp 5D833194)
    (effects (font (size 1.5 1.5) (thickness 0.3)) (justify mirror))
  )
  (gr_line (start 100 138) (end 140 138) (layer Edge.Cuts) (width 0.15) (tstamp 5D833184))
  (gr_line (start 182 138) (end 182 148) (layer Edge.Cuts) (width 0.15) (tstamp 5D833183))
  (gr_line (start 140 136) (end 140 132) (layer Edge.Cuts) (width 0.15) (tstamp 5D833206))
  (gr_text INSA (at 136.525 124.075) (layer B.Cu) (tstamp 5D833205)
    (effects (font (size 1.5 1.5) (thickness 0.3)) (justify mirror))
  )
  (gr_text 1.0 (at 102.87 124.075) (layer B.Cu) (tstamp 5D833204)
    (effects (font (size 1.5 1.5) (thickness 0.3)) (justify mirror))
  )
  (gr_line (start 142 132) (end 142 122) (layer Edge.Cuts) (width 0.15) (tstamp 5D833203))
  (gr_line (start 182 136) (end 142 136) (layer Edge.Cuts) (width 0.15) (tstamp 5D833202))
  (gr_line (start 100 136) (end 100 132) (layer Edge.Cuts) (width 0.15) (tstamp 5D8331FE))
  (gr_line (start 184 132) (end 184 122) (layer Edge.Cuts) (width 0.15) (tstamp 5D8331FD))
  (gr_line (start 142 122) (end 182 122) (layer Edge.Cuts) (width 0.15) (tstamp 5D8331EA))
  (gr_line (start 224 136) (end 224 132) (layer Edge.Cuts) (width 0.15) (tstamp 5D8331E8))
  (gr_text INSA (at 220.525 124.075) (layer B.Cu) (tstamp 5D8331E7)
    (effects (font (size 1.5 1.5) (thickness 0.3)) (justify mirror))
  )
  (gr_text 1.0 (at 186.87 124.075) (layer B.Cu) (tstamp 5D8331E6)
    (effects (font (size 1.5 1.5) (thickness 0.3)) (justify mirror))
  )
  (gr_line (start 182 136) (end 182 132) (layer Edge.Cuts) (width 0.15) (tstamp 5D8331E4))
  (gr_line (start 224 122) (end 224 132) (layer Edge.Cuts) (width 0.15) (tstamp 5D8331DF))
  (gr_line (start 184 136) (end 184 132) (layer Edge.Cuts) (width 0.15) (tstamp 5D8331CB))
  (gr_line (start 224 136) (end 184 136) (layer Edge.Cuts) (width 0.15) (tstamp 5D8331C8))
  (gr_line (start 184 122) (end 224 122) (layer Edge.Cuts) (width 0.15) (tstamp 5D8331C6))
  (gr_line (start 142 136) (end 142 132) (layer Edge.Cuts) (width 0.15) (tstamp 5D8331C4))
  (gr_line (start 140 136) (end 100 136) (layer Edge.Cuts) (width 0.15) (tstamp 5D8331C0))
  (gr_line (start 100 132) (end 100 122) (layer Edge.Cuts) (width 0.15) (tstamp 5D8331B4))
  (gr_line (start 140 122) (end 140 132) (layer Edge.Cuts) (width 0.15) (tstamp 5D833198))
  (gr_text INSA (at 178.525 124.075) (layer B.Cu) (tstamp 5D833195)
    (effects (font (size 1.5 1.5) (thickness 0.3)) (justify mirror))
  )
  (gr_text 1.0 (at 144.87 124.075) (layer B.Cu) (tstamp 5D833194)
    (effects (font (size 1.5 1.5) (thickness 0.3)) (justify mirror))
  )
  (gr_line (start 100 122) (end 140 122) (layer Edge.Cuts) (width 0.15) (tstamp 5D833184))
  (gr_line (start 182 122) (end 182 132) (layer Edge.Cuts) (width 0.15) (tstamp 5D833183))
  (gr_line (start 140 120) (end 140 116) (layer Edge.Cuts) (width 0.15) (tstamp 5D833206))
  (gr_text INSA (at 136.525 108.075) (layer B.Cu) (tstamp 5D833205)
